0 0.777215 0.420243 0.042914 0.050903
0 0.372973 0.440535 0.034523 0.033653
0 0.410156 0.434229 0.025469 0.026819
0 0.850078 0.562396 0.061766 0.079153
0 0.613719 0.476444 0.036594 0.034639
0 0.785410 0.561993 0.099039 0.095264
0 0.252953 0.398000 0.022891 0.023306
0 0.214141 0.400847 0.022891 0.023306
0 0.528711 0.726479 0.068359 0.103097
0 0.718422 0.604090 0.064609 0.080347
0 0.276934 0.604681 0.046836 0.076667
0 0.456922 0.587201 0.055906 0.070347
0 0.591023 0.523118 0.037328 0.045514
0 0.386320 0.626479 0.060344 0.094069
0 0.482926 0.471910 0.041492 0.029542
0 0.575605 0.480167 0.052039 0.051056
0 0.306184 0.413299 0.020102 0.019597
0 0.482750 0.459958 0.040453 0.051111
0 0.185027 0.389347 0.019008 0.018694
0 0.171055 0.396528 0.013672 0.015833
0 0.454621 0.517208 0.052164 0.063639
0 0.263051 0.482563 0.035617 0.043764
0 0.345531 0.489444 0.046594 0.056389
0 0.258844 0.548083 0.040750 0.048278
0 0.426504 0.938375 0.110117 0.123250
0 0.816645 0.930250 0.146086 0.139500
