0 0.239656 0.521167 0.040266 0.063167
0 0.382117 0.624201 0.050766 0.077236
0 0.340457 0.421069 0.031586 0.039028
0 0.668086 0.521965 0.043828 0.044931
0 0.423809 0.421687 0.037070 0.034153
0 0.507133 0.464465 0.040359 0.037986
0 0.344215 0.493618 0.041680 0.048625
0 0.296047 0.469611 0.041672 0.048611
0 0.570117 0.450174 0.040859 0.040347
0 0.566172 0.492639 0.041875 0.049167
0 0.598738 0.643500 0.070492 0.093000
0 0.432957 0.889951 0.110961 0.196486
0 0.254867 0.403292 0.023859 0.025917
0 0.853082 0.942514 0.107055 0.108250
0 0.273965 0.839493 0.085648 0.135764
0 0.874926 0.697778 0.079148 0.081972
0 0.233516 0.397937 0.011875 0.017736
0 0.985582 0.636264 0.028383 0.087583
0 0.189176 0.396285 0.019742 0.024569
0 0.192320 0.473861 0.011297 0.034500
0 0.191797 0.438611 0.020937 0.026944
0 0.637660 0.561507 0.041570 0.050625
0 0.307414 0.529340 0.047016 0.072653
0 0.830715 0.612056 0.071617 0.062139
