0 0.362066 0.414653 0.022742 0.023472
0 0.301055 0.650069 0.051656 0.093056
0 0.821996 0.559021 0.068773 0.055764
0 0.709703 0.551840 0.060687 0.062014
0 0.629559 0.865660 0.116820 0.154792
0 0.571934 0.521201 0.046914 0.047319
0 0.955594 0.604542 0.060469 0.071000
0 0.258871 0.546056 0.041852 0.098833
0 0.682031 0.497563 0.052500 0.052875
0 0.205430 0.392625 0.016156 0.015833
0 0.181883 0.398694 0.016156 0.015833
0 0.505062 0.427556 0.105969 0.081000
0 0.220832 0.394722 0.016148 0.015833
0 0.424316 0.566569 0.052336 0.080361
0 0.249707 0.402403 0.021367 0.020194
0 0.282816 0.402375 0.025305 0.016639
0 0.302098 0.419847 0.021289 0.019222
0 0.800590 0.506889 0.063258 0.047667
0 0.778430 0.655236 0.084578 0.071583
0 0.332496 0.536979 0.043039 0.062375
0 0.564055 0.474368 0.051578 0.043208
0 0.650602 0.445556 0.121766 0.081667
0 0.264762 0.946778 0.107352 0.103389
0 0.474199 0.972625 0.107352 0.054750
0 0.274922 0.489500 0.034219 0.040722
0 0.321719 0.478014 0.035312 0.031750
0 0.372652 0.508604 0.041414 0.044458
0 0.389660 0.428319 0.024898 0.031694
0 0.345070 0.432153 0.025922 0.030417
