0 0.206594 0.394396 0.032125 0.026764
0 0.462914 0.468479 0.036984 0.033319
0 0.262633 0.547097 0.041766 0.061917
0 0.972930 0.715535 0.054141 0.073097
0 0.226371 0.932431 0.106320 0.135139
0 0.428656 0.949340 0.117063 0.097264
0 0.623055 0.455160 0.044609 0.037097
0 0.641012 0.482812 0.044617 0.037097
0 0.612617 0.505944 0.046234 0.041528
0 0.382500 0.484132 0.045625 0.037569
0 0.322820 0.419236 0.028266 0.024306
0 0.303941 0.400826 0.027742 0.021681
0 0.396699 0.429840 0.020930 0.020986
0 0.352063 0.438153 0.024984 0.019639
0 0.245195 0.468882 0.037844 0.045958
0 0.502848 0.649896 0.069930 0.107847
0 0.323359 0.515882 0.047531 0.090819
0 0.282715 0.652715 0.056102 0.099875
0 0.555629 0.460847 0.035242 0.038972
0 0.835090 0.689382 0.090305 0.084542
0 0.559059 0.775174 0.082117 0.124764
0 0.765852 0.602361 0.068687 0.075500
0 0.825617 0.553174 0.072453 0.071042
0 0.484875 0.456174 0.031813 0.022097
0 0.271340 0.406812 0.032117 0.026764
