0 0.363980 0.436354 0.035633 0.032847
0 0.247273 0.521250 0.039359 0.077778
0 0.839027 0.618597 0.091758 0.080861
0 0.626020 0.499549 0.052102 0.053181
0 0.349629 0.470167 0.041211 0.056722
0 0.290078 0.597292 0.070469 0.163472
0 0.340633 0.542361 0.035609 0.050556
0 0.383320 0.423556 0.019453 0.026500
0 0.328262 0.417701 0.030977 0.029597
0 0.432746 0.421896 0.034195 0.032875
0 0.516344 0.437597 0.046687 0.041194
0 0.970352 0.717285 0.059297 0.093208
0 0.833402 0.552910 0.076477 0.060847
0 0.243102 0.432007 0.033203 0.034264
0 0.256586 0.457847 0.032609 0.033194
0 0.176109 0.393958 0.020906 0.016806
0 0.216168 0.400722 0.010789 0.021333
0 0.201402 0.400076 0.018758 0.021319
0 0.722699 0.548438 0.064523 0.070153
0 0.595125 0.528715 0.048922 0.060597
0 0.499820 0.556868 0.065250 0.073042
0 0.532348 0.674667 0.070008 0.105194
0 0.491508 0.462472 0.038531 0.040222
0 0.447813 0.457743 0.046500 0.048264
0 0.440617 0.581764 0.052109 0.067083
0 0.286582 0.403639 0.024492 0.021333
