0 0.546914 0.457750 0.043203 0.034500
0 0.331539 0.483472 0.035516 0.037778
0 0.378215 0.478722 0.042477 0.033389
0 0.250625 0.448681 0.035312 0.030417
0 0.201348 0.453403 0.014180 0.026806
0 0.173418 0.400167 0.014180 0.017444
0 0.188496 0.395431 0.014180 0.017444
0 0.217430 0.404847 0.018266 0.017444
0 0.238215 0.402674 0.018258 0.017458
0 0.262664 0.414986 0.018266 0.017444
0 0.292605 0.419333 0.023539 0.017444
0 0.349766 0.403757 0.026875 0.019431
0 0.465148 0.447451 0.035953 0.032958
0 0.417422 0.428993 0.042031 0.039931
0 0.377262 0.519681 0.044695 0.050639
0 0.345184 0.423292 0.030852 0.017306
0 0.871195 0.931986 0.143547 0.136028
0 0.766156 0.642278 0.077375 0.085111
0 0.498109 0.628722 0.066484 0.102194
0 0.597602 0.826569 0.094047 0.139778
0 0.369398 0.587653 0.046719 0.076750
0 0.443539 0.502944 0.049437 0.066778
0 0.401004 0.677424 0.060992 0.114903
0 0.657918 0.699174 0.088586 0.113542
0 0.544996 0.502125 0.044727 0.050056
0 0.308668 0.521285 0.039961 0.057486
0 0.650879 0.573160 0.051320 0.038792
0 0.703902 0.503556 0.056852 0.056694
0 0.920125 0.651618 0.100234 0.102764
0 0.471344 0.420444 0.021219 0.021333
0 0.531758 0.584160 0.053359 0.065847
0 0.664539 0.968910 0.097484 0.062181
0 0.233367 0.918118 0.102641 0.155431
0 0.258250 0.481861 0.034125 0.041278
0 0.630977 0.513062 0.052250 0.047597
