0 0.393859 0.691528 0.059344 0.093444
0 0.243844 0.467882 0.035187 0.046597
0 0.196129 0.439312 0.018227 0.023903
0 0.511191 0.444063 0.109961 0.129653
0 0.211238 0.485833 0.037055 0.048056
0 0.560852 0.510090 0.048672 0.048569
0 0.289469 0.501903 0.037484 0.041806
0 0.745027 0.559569 0.055695 0.054778
0 0.659371 0.514181 0.059820 0.047861
0 0.502387 0.554028 0.049195 0.056472
0 0.267316 0.539250 0.040164 0.069194
0 0.620637 0.550562 0.052273 0.055542
0 0.866848 0.720812 0.096039 0.097514
0 0.437211 0.443424 0.032750 0.025681
0 0.364992 0.420104 0.011266 0.012292
0 0.346594 0.431181 0.032750 0.025694
0 0.430168 0.505083 0.049195 0.056472
0 0.369543 0.514319 0.049195 0.056472
0 0.454125 0.958931 0.117063 0.082139
0 0.218855 0.400465 0.029789 0.023903
0 0.222938 0.428312 0.032563 0.023903
0 0.734648 0.623201 0.069141 0.070847
0 0.779273 0.545604 0.044672 0.039958
