0 0.286348 0.631576 0.039336 0.066847
0 0.329902 0.547694 0.042477 0.060167
0 0.237437 0.520146 0.038719 0.047764
0 0.272773 0.587493 0.035547 0.052236
0 0.341242 0.488729 0.039359 0.052264
0 0.390191 0.445299 0.031805 0.028681
0 0.448254 0.464618 0.031805 0.028681
0 0.497172 0.485410 0.042531 0.045569
0 0.536332 0.439375 0.035617 0.028750
0 0.471609 0.427063 0.043187 0.041153
0 0.313164 0.417521 0.029297 0.027736
0 0.200496 0.478111 0.031195 0.043500
0 0.238996 0.467438 0.034352 0.037903
0 0.543266 0.582444 0.070344 0.096222
0 0.936516 0.692208 0.085641 0.076556
0 0.979398 0.580125 0.041125 0.071694
0 0.447281 0.573403 0.053781 0.065833
0 0.234996 0.402708 0.026883 0.021806
0 0.188758 0.398326 0.016703 0.018903
0 0.170809 0.391806 0.012602 0.017500
0 0.877746 0.963819 0.121852 0.072361
0 0.663152 0.476292 0.043758 0.030861
0 0.282738 0.782111 0.078508 0.169556
0 0.213605 0.437472 0.035430 0.030556
0 0.262520 0.447639 0.035430 0.030556
0 0.263125 0.411014 0.021563 0.024083
0 0.376199 0.409611 0.021195 0.018556
0 0.280684 0.992924 0.085508 0.014153
0 0.381914 0.426236 0.027734 0.025028
0 0.610254 0.474090 0.050336 0.051625
0 0.596523 0.529813 0.038641 0.048931
0 0.397578 0.657521 0.069687 0.137236
0 0.929129 0.608486 0.083602 0.075306
0 0.676910 0.580743 0.062211 0.066819
0 0.522504 0.693181 0.066523 0.116250
0 0.682719 0.721694 0.086203 0.128083
0 0.811191 0.676153 0.085023 0.082917
0 0.676074 0.970625 0.099258 0.058750
