0 0.230500 0.451431 0.037125 0.035750
0 0.715336 0.513646 0.055375 0.059792
0 0.700340 0.598917 0.066695 0.071306
0 0.267227 0.587076 0.047422 0.076542
0 0.521508 0.653722 0.071312 0.110250
0 0.850840 0.694007 0.089523 0.083181
0 0.340656 0.542938 0.051359 0.061986
0 0.284801 0.690958 0.060633 0.132806
0 0.409402 0.675194 0.059086 0.113833
0 0.361449 0.435333 0.031008 0.026222
0 0.314332 0.423687 0.030711 0.024319
0 0.674594 0.962076 0.118641 0.075847
0 0.444320 0.464639 0.029641 0.034056
0 0.489086 0.432479 0.029641 0.038375
0 0.459570 0.446035 0.026016 0.025431
0 0.373102 0.409222 0.025516 0.026222
0 0.312535 0.402472 0.025867 0.019500
0 0.265047 0.483868 0.035562 0.034125
0 0.236430 0.521507 0.035578 0.051986
0 0.456187 0.604014 0.051344 0.077194
0 0.211156 0.402451 0.016438 0.018986
0 0.242188 0.406257 0.027969 0.023875
0 0.266395 0.395174 0.020336 0.017431
0 0.226234 0.388139 0.020656 0.024000
0 0.178121 0.394340 0.011258 0.015208
0 0.421762 0.541743 0.055695 0.064847
0 0.496242 0.553396 0.050797 0.049042
0 0.246949 0.907264 0.098727 0.153556
0 0.877773 0.645674 0.082687 0.071264
0 0.576258 0.483083 0.050875 0.052889
0 0.774734 0.870417 0.118641 0.148306
