0 0.372359 0.472667 0.040437 0.042444
0 0.400805 0.415194 0.033703 0.029611
0 0.380121 0.438160 0.019758 0.021736
0 0.733871 0.794007 0.113039 0.167542
0 0.259047 0.409931 0.030812 0.021250
0 0.212930 0.403090 0.017578 0.017431
0 0.196375 0.388472 0.017578 0.020833
0 0.274992 0.398021 0.010328 0.007847
0 0.432199 0.569278 0.026852 0.063167
0 0.387891 0.638854 0.077969 0.193125
0 0.432516 0.508319 0.045594 0.060861
0 0.289527 0.441014 0.033289 0.032139
0 0.261094 0.486479 0.035156 0.043708
0 0.257859 0.455979 0.031313 0.033319
0 0.293238 0.778486 0.072430 0.150000
0 0.737738 0.492535 0.051555 0.051847
0 0.748547 0.577972 0.070609 0.064361
0 0.544289 0.733528 0.073797 0.110306
0 0.301063 0.596229 0.042797 0.074347
0 0.897281 0.460250 0.070922 0.064389
0 0.328020 0.541375 0.038570 0.062972
0 0.292254 0.506646 0.039008 0.062097
0 0.251699 0.551090 0.041086 0.049458
0 0.913605 0.577306 0.082945 0.086500
0 0.322051 0.417250 0.041477 0.034167
0 0.330918 0.486021 0.036758 0.046042
0 0.507547 0.566375 0.054641 0.063167
