0 0.990824 0.642319 0.018023 0.057972
0 0.476270 0.632667 0.059898 0.081889
0 0.700043 0.537701 0.057023 0.058625
0 0.736105 0.518403 0.052773 0.050639
0 0.285625 0.625569 0.053938 0.103528
0 0.616543 0.497646 0.051570 0.059653
0 0.842543 0.615944 0.072773 0.069472
0 0.778332 0.642958 0.087617 0.117111
0 0.262273 0.898542 0.121719 0.191667
0 0.552844 0.472118 0.052297 0.055625
0 0.623305 0.679708 0.078016 0.101861
0 0.438078 0.582187 0.048578 0.062819
0 0.230527 0.471493 0.031680 0.033264
0 0.323797 0.444681 0.039750 0.040361
0 0.378238 0.514236 0.039617 0.048750
0 0.459383 0.518424 0.051859 0.060931
0 0.542840 0.582417 0.052914 0.073500
0 0.465371 0.451951 0.029727 0.030542
0 0.514516 0.430937 0.047688 0.029236
0 0.664957 0.470813 0.043680 0.037542
0 0.405797 0.446944 0.033094 0.027778
0 0.384789 0.479181 0.035109 0.033583
0 0.291480 0.503785 0.037977 0.049792
0 0.275512 0.462146 0.026133 0.029681
0 0.326742 0.540472 0.039328 0.060944
0 0.370102 0.442792 0.022453 0.027778
0 0.344254 0.419819 0.020867 0.019806
0 0.300301 0.404014 0.021898 0.019806
0 0.267813 0.414625 0.016719 0.017694
0 0.255035 0.401889 0.020086 0.021500
0 0.227172 0.405944 0.016719 0.017694
0 0.175430 0.376208 0.064766 0.066472
0 0.236480 0.439882 0.034539 0.023292
0 0.272578 0.438306 0.026094 0.018944
0 0.192434 0.446743 0.005289 0.023292
