0 0.271941 0.832722 0.080508 0.161889
0 0.635223 0.557438 0.058961 0.051931
0 0.772852 0.652861 0.078312 0.090583
0 0.814422 0.519597 0.059906 0.057917
0 0.768801 0.568944 0.067367 0.067306
0 0.608117 0.889674 0.110719 0.182292
0 0.275813 0.707993 0.062688 0.101264
0 0.968629 0.708556 0.058352 0.063500
0 0.686523 0.742688 0.090188 0.116347
0 0.462691 0.949444 0.114289 0.095083
0 0.326355 0.416861 0.034852 0.035861
0 0.762918 0.409319 0.037430 0.050444
0 0.378852 0.616090 0.056672 0.090597
0 0.193262 0.397896 0.014883 0.016431
0 0.596965 0.460694 0.029039 0.038056
0 0.428004 0.433521 0.040555 0.036014
0 0.398531 0.445458 0.029656 0.028806
0 0.308059 0.466514 0.042758 0.038750
0 0.272184 0.487583 0.042758 0.038750
0 0.238160 0.533861 0.037742 0.045889
0 0.480563 0.610708 0.061688 0.090528
0 0.265484 0.406889 0.021844 0.020944
0 0.240031 0.406889 0.022438 0.022611
0 0.497332 0.480833 0.042758 0.038750
0 0.555070 0.463958 0.051266 0.049583
